% data for computer project LU Factorization
format compact
A=[-5 3 4;10 -8 -9;15 1 2]
B=[15 1 2;10 -8 -9;-5 3 4]
C=[1 3 -5 -3 0;0 -2 3 1 -1;0 -10 15 5 -5;0 2 -3 -1 1;1 1 -2 -2 -1]
D=[2 -4 -2 4;6 -9 -3 7;-1 -4 0 8]
E=[2 6 -1;-4 -9 -4;-2 -3 0;4 7 8]
F=[1 3 0;4 4 8;1 2 3]
b = [1 2 3]'

