%25 pairs of Matrices for Subspace Project
format compact
% space1
A1 =[18   -13    -4    -2;
    12   -21   -11     8;
   -34     5     3    34;
    22    -9    -2   -32;
   -24    -8     2     4]

B1 =[-1    -1    -3     3    -3;
     0    -6     4     5     0;
     5     0     6    -3     1;
    -5     1    -5     3    -1;
     0     2     2     0     0]

% space2
A2 =   [-41   -68    12   -65;
    -2   -18    -4     3;
   -86  -120    32   -94;
    11    22     0    22;
    -3    -4     0    -3]
B2 =[-4     4    -4     5    -4;
     7     5    -5    -2     2;
    -2     8    -8     8     0;
     3    -1     1    -1     2;
    -1     0     0     0     0]

% space3
A3 =    [14     2     8    10;
    -3   -16   -22    -5;
   -28    25    46   -22;
    -2    -7     2    -6;
    24   -17   -38    22]
B3 =[-2     2     0    -2     6;
    -1    -3     0    -2    -4;
     6     2     6     5    -7;
     1    -1     3    -2    -4;
     2    -2    -6    -1    -1]

% space4
A4 =    [ 4   -12    21   -32;
   -13    -1     5   -40;
   -32    -6     3   -74;
    11    21    -1    64;
    41   -20    -2    32]
B4 =[-4    -2     1     5     0;
    -1     2     0     4    -4;
    -2     3    -6     6    -6;
    -1    -4     4    -6     4;
     5     1     6    -1     4]

% space 5
A5 =    [56     6     4   -24;
    24     2    17   -12;
    12   -11    33   -16;
    -4     7   -10     0;
    -4    -2   -12    -2]
B5 =[-4    -2    -4     8     0;
    -2     2    -5     3    -2;
    -4     1    -5     1    -2
     2    -1     2     0     0;
     0    -4     4     0     2]

% space6
A6 =    [-4    -2    -6   -26;
    19    -7   -15    -5;
     0     6    -4     8;
    14    -8    -9    -9;
    18     0    -7    25]
B6 =[-3     2     3    -6    -2;
    -4     5     3    -2    -1;
     1    -2    -5     4     2;
    -4     6     6    -5    -2;
     0     2    -2     5     2]

% space7
A7 =   [-62    52   -26   -18;
    23   -28    15    11;
    21    -3   -12     6;
   -33    42   -35    -7;
    15    10   -23     1]
B7 = [0    -4    -8     6     2;
     0    -2     3    -3    -2;
    -6    -4     1    -1    -3;
    -6    -6    -5     3     0;
    -8    -6    -1     1    -4]

% space8
A8 =    [ 6    -9     6    -3;
    -4     2    -2     0;
     9   -16   -24   -29;
     4    -6   -20   -26;
    -4     9   -10     5]
B8 = [0     3    -4    -4     1;
     1    -2     0     2    -2;
     2     7     2    -6     4;
     0     6     4    -2     6;
     0    -3     6     3    -1]

% space9
A9 =    [-3    -2   -29   -34;
    -5     2    27    31;
     9    23    35    55;
    10    32    24    43;
    -6     9    18    24]
B9 = [4    -5    -4     3     3;
    -5     5     4     1    -1;
    -9     9     2    -2     1;
    -3     6     0    -2    -4;
    -4     4     2     3     0]

% space10
A10 =    [14    -8    -6   -18;
    50   -70   -39   -33;
    -6     0   -15    39;
   -50    57    27    39;
     0   -26   -24    12]
B10 =[0    -2     2    -2     0;
     9    -4    -3    -2    -2;
    -1     0    -1    -8     2;
    -6     6     2     2     1;
     6     4    -2     0    -2]

% space11
A11 =    [-4    29    -3    18;
    12   -19   -11    -6;
    -6    36   -12    24;
   -13    -1   -23     0;
   -10    10   -14     6]
B11 =   [-5     0    -2    -2     3;
     3     4     2     2    -5;
    -6     2    -2    -4     4;
     0     4     4    -3    -1;
    -2     2     2    -2     0]

% space12
A12 =   [-12    15    -2   -28;
   -17    -7     6    -5;
    -1     6     2     3;
    22   -12   -16   -38;
   -26   -13    10     8]
B12 =    [-8    -2     1     0     5;
    -1    -2     2    -1    -1;
     1     0    -1    -1     2;
    -6     4     2     2     0;
     0    -4     3     0    -5]

% space13
A13 =    [32     2   -10     0;
    -6    -4     0    -1;
    12     0     8    10;
    -9    -2     7     0;
   -38    -8    12    -5]
B13 =    [-2     1     9    -1    -4;
     0     1    -2     1     3;
     0     6     0     2     2;
    -3     3     1    -1    -3;
    -4     3    -4    -1    -1]

% space14
A14 =    [-7     3   -27     6;
    36   -11   -32    24;
     7     9    25   -26;
   -58    21    28   -24;
   -15     9    41   -38]
B14 =[0    -4    -4    -2    -3;
     3     2    -5    -2    -2;
     2    -6     4    -3     1;
    -5    -8     5    -1    -2;
     0    -2     6     2     5]

% space15
A15 =   [-30    17   -51   -13;
     2     7    35     7;
    -6    15    -1    -7;
     8     6    26     2;
   -21    14    -7    -6]
B15 =[2    -8     0    -3    -7;
    -1     5     3    -1     2;
    -3    -1     4    -4    -1;
    -4     4     4    -2     2;
     6    -5    -1    -2    -1]

% space16
A16 =   [-80    55   -40    40;
   -52    32   -24    22;
   -12    21     4    -7;
   -32    16   -24    32;
   -52    38    12    -1]
B16 =[7    -8     4     2    -2;
     6    -4     2     0     0;
     2     2     6    -2    -5;
     0    -8    -2     4     2;
     9    -2     8    -8     1]


% space17
A17 =    [4     8    -7   -12;
    -4   -28     6    31;
     8    28    22   -10;
   -13    -1    -7    -2;
    -3   -65   -32    37]
B17 =[0    -2    -1     3     1;
    -5    -1    -1     0    -4;
     2     0    -4     4    -4;
     1     0     5    -2     4;
    -8    -2     3    -4     2]


% space18
A18 =     [3     0     4    -1;
     0     0     4    -2;
    -2    -1     2     3;
     3    -4     1    -3;
     3    -5     0    -1]
B18 =[0     0     0     1    -4;
     3     4     1     3     0;
     2     3    -2     3    -3;
    -1     1     3    -1    -4;
     3     6     5     1     4]

% space19
A19 =     [6     2     2    -1;
     2     2     2    -5;
     0     2     2     2;
     0     1     0     3;
     0    -4    -2     1]
B19 =[2     0    10     7    11;
    -2     4     2    -1     1;
     3    -1     7     5     8;
     5    -5     3     5     6;
     2    -2     0     2     3]

% space20
A20 =     [2     1     2     2;
    -8    -2    -1    -5;
    11     3     3     9;
     4     2     1     2;
     0     0     3    -2]
B20 =   [-1     1     4    -1     4;
    -5     1     2     1     2;
    -1    -1     6     1     2;
     1     6     4    -1    -4;
     0     2     7    -1     3]


% space21
A21 =     [1     1     0     2;
    -1     0     0    -2;
     1     1     0     2;
     1     2    -1     2;
    -2    -3     4    -2]
B21 =[6     0     2     7     7;
     5     0     3     2     6;
     0     0    -4     1     3;
     0     0    -4     1     3;
     3     0    -1     2     6]

% space22
A22 =     [4     4     3    -2;
     0    -2    -1     0;
     3     0     1     0;
     6     6     5     0;
     4    -2     2     2]
B22 =[1     7     5    -1     4;
     6     5     3     0     0;
     3     2     3     6    -1;
    -1    -2     1     4    -1;
     6     6     5    -1     1]

% space23
A23 =     [4     6     6     4;
     0     0     0     1;
     4     6     6     2;
    -1     0    -2    -2;
     2     7     3     3]
B23 =[2     2     5     3     1;
    -2    -2     5     5     3;
    -4     0     8     6     2;
    -3    -2     1     2     0;
     0     2    -1    -2    -2]

% space24
A24 =     [5    -4    -5    -2;
     5    -2     5     9;
     3    -2    -4     2;
    -2     0     0    -3;
     6    -3     4     6]
B24 =[1    -1     0     4    -1;
    -1    -2    -2     7    -2;
     2     5    -2     1    -1;
     1     6    -2    -3     0;
     4     2     1     0    -1]

% space25
A25 =     [0     3     2     5;
     0    -2     4     0;
     2     2     8     4;
     4     3     2    -2;
     1    -4     2    -1]
B25 =   [-1    -3    -4     0     0;
     0    -1    -2    -4     0;
     0     1     4     4    -2;
     0     0     0     2     0;
     1     1     0     0     0]
