B=[-.80 .17 .25 .20 .10; 0.25 -.80 .10 .30 0;
   0.05 .20 -.90 .15 .10;0.10 .28 .40 -.80 0;
   0.40 .15 .15 .15 -.20];









